Tavolsagmatrix:
head1 head2 #egyezesek egyezo_ismervek
3 5 3 (2,7,9)
3 6 3 (2,7,9)
1 3 3 (3,5,10)
5 3 3 (2,7,9)
4 1 6 (1,3,4,5,8,10)
6 1 1 (4)
6 4 1 (4)
3 2 3 (2,7,9)
5 4 2 (1,4)
1 2 2 (4,8)
5 2 5 (2,4,6,7,9)
4 6 1 (4)
2 5 5 (2,4,6,7,9)
6 5 5 (2,4,6,7,9)
5 6 5 (2,4,6,7,9)
2 1 2 (4,8)
5 1 2 (1,4)
4 2 2 (4,8)
2 3 3 (2,7,9)
1 5 2 (1,4)
2 4 2 (4,8)
6 3 3 (2,7,9)
3 1 3 (3,5,10)
4 5 2 (1,4)
3 4 3 (3,5,10)
2 6 5 (2,4,6,7,9)
4 3 3 (3,5,10)
6 2 5 (2,4,6,7,9)
1 4 6 (1,3,4,5,8,10)
1 6 1 (4)
Szintenkenti egyezesek:
(egyezo_ismervek) (egyezo sorok)
Szint: 4 
(2,4,6,7,9) (2,5,6)
(1,3,4,5,8,10) (1,4)
Szint: 5 
(2,4,6,7,9) (2,5,6)
(1,3,4,5,8,10) (1,4)
Szint: 6 
(1,3,4,5,8,10) (1,4)
Szint: 7 

Szint: 8 

Szint: 9 

Szint: 10 

